* This data was exported from the Dayton Audio Test System: DATS
*
* Piston Diameter = 63 mm
* f(s)= 95.55 Hz
* R(e)= 4.121 Ohms
* Z(max)= 21.75 Ohms
* Q(ms)= 2.087
* Q(es)= 0.4878
* Q(ts)= 0.3954
* V(as)= 1.456 liters     (0.05143 cubic feet)
* L(e)= 0.2821 mH
* n(0)= 0.2483 %
* SPL= 86.05 1W/1m
* M(ms)= 2.6 grams
* C(ms)= 1.067 mm/N
* BL= 3.631 
* K(r)= 0.9371 
* X(r)= 0.1783 
* K(i)= 0.006046 
* X(i)= 0.5571 
*
*
Freq            Impedance       Phase
1.029    	4.442    	-3.975    
1.059    	4.442    	-3.975    
1.091    	4.442    	-3.975    
1.122    	4.442    	-3.975    
1.155    	4.442    	-3.975    
1.189    	4.442    	-3.975    
1.224    	4.442    	-3.975    
1.260    	4.442    	-3.975    
1.297    	4.442    	-3.975    
1.335    	4.177    	0.263    
1.374    	4.177    	0.263    
1.414    	4.177    	0.263    
1.456    	4.177    	0.263    
1.498    	4.177    	0.263    
1.542    	4.177    	0.263    
1.587    	4.177    	0.263    
1.634    	4.177    	0.263    
1.682    	4.177    	0.263    
1.731    	4.177    	0.263    
1.782    	4.177    	0.263    
1.834    	4.177    	0.263    
1.888    	4.177    	0.263    
1.943    	4.177    	0.263    
2.000    	4.055    	2.813    
2.059    	4.055    	2.813    
2.119    	4.055    	2.813    
2.181    	4.055    	2.813    
2.245    	4.055    	2.813    
2.311    	4.055    	2.813    
2.378    	4.055    	2.813    
2.448    	4.055    	2.813    
2.520    	4.055    	2.813    
2.594    	4.055    	2.813    
2.670    	4.088    	3.022    
2.748    	4.088    	3.022    
2.828    	4.088    	3.022    
2.911    	4.088    	3.022    
2.997    	4.088    	3.022    
3.084    	4.088    	3.022    
3.175    	4.088    	3.022    
3.268    	4.088    	3.022    
3.364    	4.097    	4.116    
3.462    	4.097    	4.116    
3.564    	4.097    	4.116    
3.668    	4.097    	4.116    
3.775    	4.097    	4.116    
3.886    	4.097    	4.116    
4.000    	4.116    	4.695    
4.117    	4.116    	4.695    
4.238    	4.116    	4.695    
4.362    	4.116    	4.695    
4.490    	4.116    	4.695    
4.621    	4.116    	4.695    
4.757    	4.134    	5.597    
4.896    	4.134    	5.597    
5.040    	4.134    	5.597    
5.187    	4.134    	5.597    
5.339    	4.150    	6.260    
5.496    	4.150    	6.260    
5.657    	4.150    	6.260    
5.823    	4.150    	6.260    
5.993    	4.171    	7.111    
6.169    	4.171    	7.111    
6.350    	4.171    	7.111    
6.536    	4.171    	7.111    
6.727    	4.186    	7.803    
6.924    	4.186    	7.803    
7.127    	4.186    	7.803    
7.336    	4.206    	8.637    
7.551    	4.206    	8.637    
7.772    	4.206    	8.637    
8.000    	4.222    	9.342    
8.234    	4.222    	9.342    
8.476    	4.222    	9.342    
8.724    	4.246    	10.117    
8.980    	4.246    	10.117    
9.243    	4.246    	10.117    
9.514    	4.266    	10.780    
9.792    	4.266    	10.780    
10.079    	4.288    	11.517    
10.375    	4.288    	11.517    
10.679    	4.309    	12.153    
10.992    	4.309    	12.153    
11.314    	4.337    	12.867    
11.645    	4.337    	12.867    
11.986    	4.367    	13.507    
12.338    	4.367    	13.507    
12.699    	4.401    	14.282    
13.071    	4.401    	14.282    
13.454    	4.431    	14.940    
13.849    	4.431    	14.940    
14.254    	4.461    	15.686    
14.672    	4.492    	16.319    
15.102    	4.492    	16.319    
15.545    	4.524    	17.012    
16.000    	4.557    	17.648    
16.469    	4.557    	17.648    
16.951    	4.591    	18.318    
17.448    	4.629    	18.954    
17.959    	4.662    	19.584    
18.486    	4.662    	19.584    
19.027    	4.698    	20.245    
19.585    	4.750    	21.135    
20.159    	4.769    	21.428    
20.749    	4.811    	22.007    
21.357    	4.850    	22.514    
21.983    	4.892    	23.088    
22.627    	4.941    	23.641    
23.290    	4.989    	24.157    
23.973    	5.035    	24.688    
24.675    	5.083    	25.258    
25.398    	5.139    	25.775    
26.143    	5.189    	26.277    
26.909    	5.245    	26.835    
27.697    	5.302    	27.353    
28.509    	5.365    	27.847    
29.344    	5.449    	28.598    
30.204    	5.543    	29.303    
31.089    	5.605    	29.756    
32.000    	5.701    	30.478    
32.938    	5.804    	31.157    
33.903    	5.905    	31.839    
34.896    	6.014    	32.500    
35.919    	6.121    	33.086    
36.971    	6.234    	33.702    
38.055    	6.373    	34.321    
39.170    	6.540    	35.037    
40.317    	6.652    	35.429    
41.499    	6.790    	35.905    
42.715    	6.988    	36.516    
43.967    	7.194    	37.109    
45.255    	7.412    	37.699    
46.581    	7.637    	38.282    
47.946    	7.866    	38.807    
49.351    	8.103    	39.242    
50.797    	8.353    	39.524    
52.285    	8.615    	39.696    
53.817    	8.977    	39.752    
55.394    	9.384    	39.661    
57.018    	9.763    	39.535    
58.688    	10.291    	39.028    
60.408    	10.658    	38.564    
62.178    	11.034    	38.393    
64.000    	11.494    	38.042    
65.875    	12.101    	37.435    
67.806    	12.726    	35.916    
69.792    	13.178    	34.268    
71.838    	13.617    	33.243    
73.943    	14.225    	32.751    
76.109    	15.143    	32.055    
78.339    	16.364    	30.039    
80.635    	17.335    	27.526    
82.998    	18.371    	24.092    
85.430    	19.350    	20.178    
87.933    	20.247    	15.917    
90.510    	21.078    	10.818    
93.162    	21.593    	5.564    
95.892    	21.742    	-0.331    
98.701    	21.602    	-5.572    
101.594    	21.230    	-11.073    
104.571    	20.656    	-16.380    
107.635    	19.886    	-20.897    
110.789    	18.853    	-25.167    
114.035    	17.851    	-28.601    
117.377    	16.878    	-31.668    
120.816    	15.965    	-34.119    
124.356    	15.010    	-36.229    
128.000    	14.198    	-37.802    
131.751    	13.422    	-39.265    
135.611    	12.639    	-40.467    
139.585    	12.011    	-41.138    
143.675    	11.393    	-41.750    
147.885    	10.853    	-42.269    
152.219    	10.346    	-42.512    
156.679    	9.848    	-42.486    
161.270    	9.428    	-42.405    
165.995    	9.042    	-42.231    
170.860    	8.687    	-41.993    
175.866    	8.345    	-41.722    
181.019    	8.069    	-41.283    
186.324    	7.784    	-40.683    
191.783    	7.469    	-40.048    
197.403    	7.220    	-39.507    
203.187    	7.016    	-38.894    
209.141    	6.801    	-38.041    
215.269    	6.588    	-37.249    
221.577    	6.405    	-36.547    
228.070    	6.242    	-35.761    
234.753    	6.098    	-34.823    
241.632    	5.946    	-33.856    
248.712    	5.809    	-32.981    
256.000    	5.697    	-32.016    
263.501    	5.591    	-31.069    
271.223    	5.488    	-30.107    
279.170    	5.403    	-29.350    
287.350    	5.308    	-28.359    
295.770    	5.224    	-27.477    
304.437    	5.153    	-26.536    
313.358    	5.089    	-25.638    
322.540    	5.026    	-24.794    
331.991    	4.968    	-23.987    
341.719    	4.906    	-23.175    
351.732    	4.849    	-22.295    
362.039    	4.803    	-21.501    
372.647    	4.755    	-20.693    
383.567    	4.711    	-19.853    
394.806    	4.671    	-19.030    
406.375    	4.635    	-18.238    
418.282    	4.598    	-17.447    
430.539    	4.564    	-16.591    
443.155    	4.535    	-15.755    
456.140    	4.510    	-14.988    
469.506    	4.486    	-14.247    
483.264    	4.465    	-13.467    
497.424    	4.447    	-12.695    
512.000    	4.433    	-11.942    
527.003    	4.418    	-11.180    
542.445    	4.405    	-10.435    
558.340    	4.393    	-9.713    
574.701    	4.385    	-8.994    
591.541    	4.378    	-8.298    
608.874    	4.372    	-7.621    
626.715    	4.369    	-6.937    
645.080    	4.367    	-6.277    
663.982    	4.366    	-5.613    
683.438    	4.367    	-4.970    
703.464    	4.370    	-4.348    
724.077    	4.374    	-3.740    
745.294    	4.378    	-3.142    
767.133    	4.384    	-2.542    
789.612    	4.390    	-1.953    
812.749    	4.399    	-1.374    
836.565    	4.408    	-0.812    
861.078    	4.417    	-0.258    
886.309    	4.428    	0.291    
912.280    	4.440    	0.833    
939.012    	4.455    	1.352    
966.527    	4.470    	1.859    
994.849    	4.484    	2.344    
1024.000    	4.499    	2.825    
1054.005    	4.515    	3.320    
1084.890    	4.531    	3.819    
1116.680    	4.549    	4.293    
1149.401    	4.568    	4.748    
1183.081    	4.588    	5.189    
1217.748    	4.609    	5.613    
1253.431    	4.630    	6.050    
1290.159    	4.651    	6.494    
1327.964    	4.673    	6.928    
1366.876    	4.696    	7.330    
1406.929    	4.720    	7.729    
1448.155    	4.745    	8.142    
1490.589    	4.773    	8.554    
1534.266    	4.803    	8.911    
1579.224    	4.830    	9.247    
1625.499    	4.855    	9.593    
1673.129    	4.882    	9.958    
1722.156    	4.911    	10.320    
1772.619    	4.942    	10.674    
1824.561    	4.973    	11.020    
1878.024    	5.005    	11.342    
1933.055    	5.037    	11.655    
1989.697    	5.070    	11.972    
2048.000    	5.105    	12.290    
2108.011    	5.142    	12.588    
2169.780    	5.179    	12.861    
2233.360    	5.216    	13.115    
2298.802    	5.255    	13.361    
2366.162    	5.296    	13.549    
2435.496    	5.331    	13.691    
2506.862    	5.359    	13.855    
2580.318    	5.386    	14.068    
2655.927    	5.412    	14.310    
2733.752    	5.440    	14.596    
2813.857    	5.473    	14.906    
2896.309    	5.511    	15.203    
2981.178    	5.551    	15.473    
3068.533    	5.592    	15.732    
3158.448    	5.634    	15.994    
3250.997    	5.680    	16.258    
3346.259    	5.727    	16.465    
3444.312    	5.773    	16.628    
3545.238    	5.815    	16.819    
3649.121    	5.860    	17.051    
3756.049    	5.910    	17.283    
3866.109    	5.968    	17.468    
3979.395    	6.032    	17.566    
4096.000    	6.094    	17.560    
4216.022    	6.146    	17.460    
4339.561    	6.184    	17.314    
4466.720    	6.209    	17.209    
4597.605    	6.224    	17.183    
4732.325    	6.233    	17.253    
4870.992    	6.244    	17.429    
5013.723    	6.263    	17.694    
5160.637    	6.291    	17.979    
5311.855    	6.327    	18.250    
5467.504    	6.366    	18.497    
5627.714    	6.406    	18.733    
5792.619    	6.446    	18.955    
5962.355    	6.486    	19.171    
6137.066    	6.528    	19.386    
6316.896    	6.570    	19.598    
6501.995    	6.611    	19.800    
6692.518    	6.655    	20.008    
6888.623    	6.697    	20.210    
7090.476    	6.741    	20.416    
7298.242    	6.786    	20.621    
7512.097    	6.831    	20.835    
7732.218    	6.877    	21.045    
7958.790    	6.923    	21.256    
8192.000    	6.969    	21.471    
8432.044    	7.016    	21.688    
8679.122    	7.064    	21.909    
8933.439    	7.114    	22.131    
9195.209    	7.164    	22.359    
9464.649    	7.215    	22.585    
9741.985    	7.269    	22.804    
10027.447    	7.321    	23.030    
10321.273    	7.374    	23.263    
10623.710    	7.429    	23.498    
10935.008    	7.487    	23.716    
11255.428    	7.548    	23.915    
11585.238    	7.607    	24.093    
11924.711    	7.661    	24.236    
12274.132    	7.707    	24.384    
12633.791    	7.747    	24.584    
13003.989    	7.788    	24.864    
13385.035    	7.834    	25.195    
13777.247    	7.886    	25.536    
14180.951    	7.943    	25.866    
14596.485    	8.004    	26.197    
15024.194    	8.067    	26.533    
15464.437    	8.135    	26.866    
15917.579    	8.204    	27.184    
16384.000    	8.273    	27.490    
16864.088    	8.341    	27.794    
17358.243    	8.410    	28.109    
17866.879    	8.479    	28.446    
18390.418    	8.550    	28.805    
18929.299    	8.623    	29.202    
19483.969    	8.708    	29.634    
20054.893    	8.812    	30.086    
20642.546    	8.924    	30.368    
